000
001
002
003
004
005
006
007
008
009
000
000
000
000
000
000
000
002
004
006
008
00a
00c
00e
010
012
000
000
000
000
000
000
000
004
008
00c
010
014
018
01c
020
024
000
000
000
000
000
000
000
008
010
018
020
028
030
038
040
048
000
000
000
000
000
000
000
010
020
030
040
050
060
070
080
090
000
000
000
000
000
000
000
000
000
000
000
000
000
000
000
000
000
000
000
000
000
000
000
000
000
000
000
000
000
000
000
000
000
000
000
000
000
000
000
000
000
000
000
000
000
000
000
000
000
000
000
000
000
000
000
000
000
000
000
000
000
000
000
000
000
000
000
000
000
000
000
000
000
000
000
000
000
000
200
1ff
1fe
1fd
1fc
1fb
1fa
1f9
1f8
000
000
000
000
000
000
000
1fe
1fc
1fa
1f8
1f6
1f4
1f2
1f0
1ee
000
000
000
000
000
000
000
1fc
1f8
1f4
1f0
1ec
1e8
1e4
1e0
1dc
000
000
000
000
000
000
000
1f8
1f0
1e8
1e0
1d8
1d0
1c8
1c0
1b8
000
000
000
000
000
000
000
1f0
1e0
1d0
1c0
1b0
1a0
190
180
170
000
000
000
000
000
000
000